11000011
11111111
11222211
11333311
11444411
11555511
11666611
11777711
11888811
11999911
22000022
22111122
22222222
22333322
22444422
22555522
22666622
22777722
22888822
22999922
33000033
33111133
33222233
33333333
33444433
33555533
33666633
33777733
33888833
33999933
44000044
44111144
44222244
44333344
44444444
44555544
44666644
44777744
44888844
44999944
55000055
55111155
55222255
55333355
55444455
55555555
55666655
55777755
55888855
55999955
66000066
66111166
66222266
66333366
66444466
66555566
66666666
66777766
66888866
66999966
77000077
77111177
77222277
77333377
77444477
77555577
77666677
77777777
77888877
77999977
88000088
88111188
88222288
88333388
88444488
88555588
88666688
88777788
88888888
88999988
99000099
99111199
99222299
99333399
99444499
99555599
99666699
99777799
99888899
99999999
